610 440 
650 440
690 440
730 440
770 440
810 440 
850 440
890 440 
930 440
970 440 
1010 440 
1050 440
1090 440
1130 440 
1170 440
1210 440 
1250 440
1290 440 
1330 440
1370 440 
1410 440
1450 440 
1490 440
1530 440 
1570 440
1610 440 
1650 440
1690 440 
1730 440
1770 440 
1810 440

1860 480
1860 520
1860 560
1860 600 
1860 640
1860 680 
1860 720
1860 760 
1860 800
1860 840 
1860 880
1860 920 
1860 960
1860 1000 
1860 1040
1860 1080
1860 1120
1860 1160 
1860 1200
1860 1240 
1860 1280
1860 1320 
1860 1360
1860 1400 
1860 1440

590 560 
590 600
590 640
590 680 
590 720
590 760 
590 800
590 840 
590 880
590 920 
590 960
590 1000 
590 1040
590 1080 
590 1120
590 1160
590 1200
590 1240 
590 1280
590 1320 
590 1360
590 1400 
590 1440

610 1420
650 1420
690 1420
730 1420 
770 1420
810 1420
850 1420
890 1420 
930 1420
970 1420 
1010 1420
1050 1420 
1090 1420
1130 1420 
1170 1420
1210 1420 
1250 1420
1290 1420 
1330 1420
1370 1420 
1410 1420
1450 1420
1490 1420
1530 1420 
1570 1420
1610 1420 
1650 1420
1690 1420 
1730 1420
1770 1420 
1810 1420
